FAHD AYOUB R131446058 08/04/1999 14 15 13 19 10 6 19 20 17 15 14 18
KHALIL MOHAMED R134046058 01/12/2000 14 9 18 14 16 12 10 17 18 15 12 16
BOURICHA AMINE R136742001 01/06/2000 18 19 20 18 18 -1 19 17 18 18 19 16
SAFI YASSINE R144085511 01/11/2000 8.25 19 10 15 12 12 5 17 13 15 11 10
BOUZAKRI ALI R133346622 05/02/2001 12 12 10 9 16 12 19 17 18 15 19 14
STEVE TASSEMBEDO R122636488 11/05/2000 17.50 19 20 10 16 12 19 17 18 15 19 14
JOULALI SOUFIANE R132409911 06/04/2000 18 12.5 10 9 16.8 10 19 17 10 13 11 14
AIT MOHAMED R144559911 06/12/2000 12 20 13 19 16 12 19 11 18 12 19 14
ABDOU SAMIR R144109911 06/11/2000 20 12 13 19  12 16 19 11 14 12 19 18
ALALI ALI R144559922 01/11/2000 19 12 13 13  12 16 12 11 13 14 19 18



